0.271795
0.622995
0.400780
0.398434
0.334098
0.411620
0.342424
0.479217
0.453986
0.565998
0.418419
0.426906
0.425922
0.575831
0.520638
0.423450
0.332363
0.440474
0.495847
0.503981
0.421324
0.524121
0.529004
0.519033
0.428763
0.390681
0.507178
0.406464
0.391635
0.308887
0.396335
0.277185
0.248049
0.271795
0.313847
0.350228
0.338515
0.374557
0.452044
0.444159
0.711162
0.502680
0.421948
0.407505
0.401759
0.496541
0.467965
0.541731
0.513648
0.452645
0.498118
0.546930
0.306371
0.642634
0.615773
0.324902
0.520638
0.607142
0.329223
0.349186
0.526983
0.394830
0.309298
0.445927
0.400780
0.717567
0.402131
0.676151
0.337971
0.570264
0.643208
0.497701
0.563575
0.503652
0.656535
0.423258
0.465556
0.399255
0.224703
0.503332
0.483510
0.487651
0.791579
0.828581
0.742608
0.655057
0.699182
0.980950
0.775504
0.739859
0.642448
0.459906
0.311490
0.435234
0.790782
0.733834
0.825808
1.567442
1.114761
0.395025
0.583176
0.525586
0.329825
0.463568
0.676004
0.606555
0.503217
0.576474
0.732554
0.550822
0.612634
0.449105
0.491460
0.328265
0.446868
0.324970
0.441516
0.518032
0.522960
0.546930
0.400780
0.458786
0.386656
0.737408
0.925258
0.539328
0.725176
0.491565
0.321558
0.410236
0.535006
0.537695
0.296329
0.644871
0.707673
0.693479
0.657027
0.552680
0.450705
0.461551
0.514336
0.439522
0.553915
0.520739
0.503539
0.415029
0.418334
0.621776
0.733739
0.705767
0.566680
0.658156
0.534025
0.565231
0.490085
0.720429
0.778031
0.568337
0.538806
0.729190
0.737404
0.683053
0.935851
0.663150
0.435329
1.334827
0.625167
0.483980
0.315331
0.323177
0.723495
0.546005
1.202303
0.588620
0.590179
0.488605
0.279880
0.446093
0.625655
0.669465
0.644990
0.996642
0.998030
0.460084
0.525060
1.049674
1.199678
0.407992
0.535129
0.590865
0.683053
0.935851
0.556708
0.359258
0.405267
0.629551
0.884118
0.440624
0.623045
0.496153
0.451446
0.654502
0.628937
0.802041
0.411837
0.506092
0.539830
0.469358
0.607001
0.611339
0.470484
0.457640
0.519686
0.258047
0.894547
0.790841
0.423055
0.930845
0.718479
1.086508
0.658771
0.766463
0.529276
0.375332
0.642714
0.615219
0.472302
0.370657
0.601719
0.935378
0.669962
0.462195
0.352887
0.321938
0.550687
0.976462
0.455038
0.450035
0.496249
0.483509
0.480049
0.538359
0.283905
0.431095
0.539809
0.898557
0.588710
0.441030
